0   0.4511   0.3394   0.3874
1   0.4358   0.5881   0.5007
2   0.4417   0.3987   0.4191
3   0.5327   0.5460   0.5392
4   0.4856   0.5908   0.5331
5   0.5313   0.4049   0.4596
Total :   0.4773   0.4773   0.4773

0   0.4499   0.4244   0.4368
1   0.4469   0.5234   0.4821
2   0.4454   0.3942   0.4182
3   0.5144   0.5369   0.5254
4   0.5127   0.5651   0.5376
5   0.5316   0.4556   0.4907
Total :   0.4831   0.4831   0.4831

0   0.4378   0.4527   0.4452
1   0.4849   0.4520   0.4679
2   0.4339   0.4485   0.4411
3   0.4891   0.6120   0.5437
4   0.5477   0.4725   0.5074
5   0.5149   0.4604   0.4861
Total :   0.4825   0.4825   0.4825

0   0.4344   0.4645   0.4489
1   0.4760   0.4203   0.4464
2   0.4302   0.4503   0.4400
3   0.4862   0.6179   0.5442
4   0.5358   0.4442   0.4857
5   0.5154   0.4683   0.4907
Total :   0.4771   0.4771   0.4771

0   0.4309   0.3778   0.4026
1   0.4395   0.4962   0.4661
2   0.4306   0.4295   0.4301
3   0.4813   0.6052   0.5362
4   0.5113   0.4300   0.4672
5   0.5151   0.4687   0.4908
Total :   0.4671   0.4671   0.4671

0   0.4358   0.3255   0.3727
1   0.4209   0.5453   0.4751
2   0.4313   0.4155   0.4232
3   0.5037   0.5328   0.5178
4   0.4657   0.5115   0.4875
5   0.5160   0.4373   0.4734
Total :   0.4606   0.4606   0.4606

0   0.4280   0.3028   0.3547
1   0.4182   0.5627   0.4798
2   0.4320   0.4118   0.4217
3   0.5104   0.5264   0.5183
4   0.4617   0.5199   0.4891
5   0.5106   0.4316   0.4678
Total :   0.4584   0.4584   0.4584

0   0.4284   0.3024   0.3545
1   0.4180   0.5627   0.4797
2   0.4320   0.4123   0.4219
3   0.5091   0.5246   0.5167
4   0.4593   0.5168   0.4864
5   0.5096   0.4316   0.4673
Total :   0.4576   0.4576   0.4576

0   0.4284   0.3024   0.3545
1   0.4180   0.5627   0.4797
2   0.4320   0.4123   0.4219
3   0.5097   0.5246   0.5171
4   0.4595   0.5182   0.4871
5   0.5090   0.4307   0.4666
Total :   0.4577   0.4577   0.4577

0   0.4284   0.3024   0.3545
1   0.4180   0.5627   0.4797
2   0.4320   0.4123   0.4219
3   0.5097   0.5246   0.5171
4   0.4595   0.5182   0.4871
5   0.5090   0.4307   0.4666
Total :   0.4577   0.4577   0.4577

0   0.4284   0.3024   0.3545
1   0.4180   0.5627   0.4797
2   0.4320   0.4123   0.4219
3   0.5097   0.5246   0.5171
4   0.4595   0.5182   0.4871
5   0.5090   0.4307   0.4666
Total :   0.4577   0.4577   0.4577

0   0.4284   0.3024   0.3545
1   0.4180   0.5627   0.4797
2   0.4320   0.4123   0.4219
3   0.5097   0.5246   0.5171
4   0.4595   0.5182   0.4871
5   0.5090   0.4307   0.4666
Total :   0.4577   0.4577   0.4577

0   0.4284   0.3024   0.3545
1   0.4180   0.5627   0.4797
2   0.4320   0.4123   0.4219
3   0.5097   0.5246   0.5171
4   0.4595   0.5182   0.4871
5   0.5090   0.4307   0.4666
Total :   0.4577   0.4577   0.4577

0   0.4540   0.3760   0.4113
1   0.4375   0.5605   0.4914
2   0.4464   0.3987   0.4212
3   0.5228   0.5524   0.5372
4   0.4925   0.5837   0.5343
5   0.5289   0.4036   0.4578
Total :   0.4785   0.4785   0.4785

0   0.4473   0.4479   0.4476
1   0.4495   0.5145   0.4798
2   0.4493   0.3829   0.4135
3   0.5040   0.5469   0.5246
4   0.5136   0.5261   0.5198
5   0.5237   0.4683   0.4945
Total :   0.4810   0.4810   0.4810

0   0.4392   0.4519   0.4454
1   0.4710   0.4815   0.4762
2   0.4399   0.4168   0.4280
3   0.4959   0.6066   0.5457
4   0.5378   0.5009   0.5187
5   0.5220   0.4456   0.4808
Total :   0.4834   0.4834   0.4834

