0   0.4441   0.4479   0.4460
1   0.4712   0.4859   0.4785
2   0.4397   0.4218   0.4305
3   0.4921   0.5952   0.5387
4   0.5352   0.4956   0.5146
5   0.5070   0.4421   0.4723
Total :   0.4809   0.4809   0.4809

0   0.4454   0.4475   0.4464
1   0.4747   0.4815   0.4781
2   0.4380   0.4295   0.4337
3   0.5064   0.5929   0.5463
4   0.5237   0.5142   0.5189
5   0.5141   0.4390   0.4736
Total :   0.4836   0.4836   0.4836

0   0.4446   0.4497   0.4471
1   0.4720   0.4859   0.4789
2   0.4429   0.4245   0.4335
3   0.5175   0.6261   0.5667
4   0.5278   0.5053   0.5163
5   0.5286   0.4443   0.4828
Total :   0.4887   0.4887   0.4887

0   0.4458   0.4462   0.4460
1   0.4720   0.4819   0.4769
2   0.4378   0.4281   0.4329
3   0.5203   0.6234   0.5672
4   0.5239   0.5151   0.5194
5   0.5275   0.4359   0.4774
Total :   0.4878   0.4878   0.4878

0   0.4440   0.4540   0.4489
1   0.4772   0.4708   0.4739
2   0.4370   0.4326   0.4348
3   0.5239   0.6143   0.5655
4   0.5217   0.5221   0.5219
5   0.5241   0.4368   0.4765
Total :   0.4879   0.4879   0.4879

0   0.4444   0.4545   0.4494
1   0.4769   0.4708   0.4738
2   0.4367   0.4322   0.4344
3   0.5239   0.6143   0.5655
4   0.5217   0.5221   0.5219
5   0.5241   0.4368   0.4765
Total :   0.4879   0.4879   0.4879

0   0.4454   0.4440   0.4447
1   0.4712   0.4819   0.4765
2   0.4382   0.4295   0.4338
3   0.5203   0.6234   0.5672
4   0.5224   0.5155   0.5189
5   0.5287   0.4351   0.4773
Total :   0.4876   0.4876   0.4876

0   0.4444   0.4545   0.4494
1   0.4769   0.4703   0.4736
2   0.4363   0.4322   0.4342
3   0.5230   0.6152   0.5654
4   0.5220   0.5204   0.5212
5   0.5244   0.4373   0.4769
Total :   0.4877   0.4877   0.4877

0   0.4436   0.4558   0.4496
1   0.4774   0.4708   0.4741
2   0.4385   0.4322   0.4353
3   0.5219   0.6143   0.5643
4   0.5225   0.5195   0.5210
5   0.5243   0.4381   0.4774
Total :   0.4879   0.4879   0.4879

0   0.4445   0.4558   0.4501
1   0.4769   0.4703   0.4736
2   0.4389   0.4335   0.4362
3   0.5217   0.6143   0.5642
4   0.5225   0.5195   0.5210
5   0.5251   0.4386   0.4780
Total :   0.4881   0.4881   0.4881

0   0.4441   0.4553   0.4497
1   0.4776   0.4717   0.4746
2   0.4395   0.4335   0.4365
3   0.5222   0.6148   0.5647
4   0.5227   0.5199   0.5213
5   0.5246   0.4381   0.4775
Total :   0.4883   0.4883   0.4883

0   0.4441   0.4553   0.4497
1   0.4774   0.4712   0.4743
2   0.4388   0.4331   0.4359
3   0.5222   0.6157   0.5651
4   0.5225   0.5195   0.5210
5   0.5244   0.4373   0.4769
Total :   0.4881   0.4881   0.4881

0   0.4437   0.4553   0.4495
1   0.4774   0.4712   0.4743
2   0.4379   0.4317   0.4348
3   0.5228   0.6157   0.5655
4   0.5229   0.5204   0.5216
5   0.5246   0.4377   0.4772
Total :   0.4881   0.4881   0.4881

0   0.4455   0.4488   0.4471
1   0.4727   0.4788   0.4757
2   0.4358   0.4268   0.4312
3   0.5200   0.6216   0.5663
4   0.5256   0.5146   0.5200
5   0.5265   0.4386   0.4785
Total :   0.4876   0.4876   0.4876

0   0.4454   0.4497   0.4475
1   0.4768   0.4681   0.4724
2   0.4285   0.4322   0.4303
3   0.5057   0.6043   0.5506
4   0.5329   0.5062   0.5192
5   0.5157   0.4447   0.4776
Total :   0.4837   0.4837   0.4837

