0   0.4422   0.4619   0.4518
1   0.4764   0.4690   0.4727
2   0.4448   0.4313   0.4379
3   0.4965   0.5893   0.5389
4   0.5318   0.5080   0.5196
5   0.5162   0.4464   0.4788
Total :   0.4839   0.4839   0.4839

0   0.4426   0.4636   0.4529
1   0.4747   0.4694   0.4721
2   0.4464   0.4295   0.4378
3   0.5109   0.5956   0.5500
4   0.5317   0.5155   0.5235
5   0.5171   0.4504   0.4814
Total :   0.4869   0.4869   0.4869

0   0.4439   0.4636   0.4535
1   0.4772   0.4663   0.4717
2   0.4456   0.4354   0.4404
3   0.5251   0.6097   0.5643
4   0.5284   0.5226   0.5255
5   0.5276   0.4517   0.4867
Total :   0.4911   0.4911   0.4911

0   0.4467   0.4688   0.4575
1   0.4824   0.4654   0.4738
2   0.4419   0.4349   0.4384
3   0.5259   0.6107   0.5651
4   0.5274   0.5235   0.5255
5   0.5282   0.4504   0.4862
Total :   0.4918   0.4918   0.4918

0   0.4468   0.4688   0.4576
1   0.4820   0.4650   0.4733
2   0.4417   0.4349   0.4383
3   0.5259   0.6107   0.5651
4   0.5274   0.5235   0.5255
5   0.5282   0.4504   0.4862
Total :   0.4917   0.4917   0.4917

0   0.4468   0.4688   0.4576
1   0.4818   0.4654   0.4734
2   0.4418   0.4344   0.4381
3   0.5255   0.6097   0.5645
4   0.5274   0.5235   0.5255
5   0.5277   0.4504   0.4860
Total :   0.4916   0.4916   0.4916

0   0.4468   0.4684   0.4573
1   0.4815   0.4650   0.4731
2   0.4412   0.4344   0.4378
3   0.5256   0.6116   0.5654
4   0.5284   0.5226   0.5255
5   0.5274   0.4504   0.4858
Total :   0.4916   0.4916   0.4916

0   0.4468   0.4688   0.4576
1   0.4815   0.4650   0.4731
2   0.4412   0.4340   0.4376
3   0.5258   0.6116   0.5655
4   0.5282   0.5226   0.5254
5   0.5274   0.4504   0.4858
Total :   0.4916   0.4916   0.4916

0   0.4463   0.4675   0.4567
1   0.4813   0.4650   0.4730
2   0.4401   0.4335   0.4368
3   0.5260   0.6125   0.5660
4   0.5287   0.5221   0.5254
5   0.5271   0.4504   0.4857
Total :   0.4914   0.4914   0.4914

0   0.4464   0.4680   0.4569
1   0.4818   0.4654   0.4734
2   0.4414   0.4344   0.4379
3   0.5258   0.6120   0.5657
4   0.5287   0.5226   0.5256
5   0.5279   0.4508   0.4863
Total :   0.4917   0.4917   0.4917

0   0.4471   0.4675   0.4571
1   0.4815   0.4659   0.4736
2   0.4422   0.4358   0.4390
3   0.5258   0.6116   0.5655
4   0.5282   0.5235   0.5258
5   0.5274   0.4495   0.4854
Total :   0.4918   0.4918   0.4918

0   0.4471   0.4675   0.4571
1   0.4813   0.4654   0.4732
2   0.4415   0.4354   0.4384
3   0.5259   0.6111   0.5653
4   0.5279   0.5230   0.5255
5   0.5277   0.4504   0.4860
Total :   0.4917   0.4917   0.4917

0   0.4469   0.4680   0.4572
1   0.4813   0.4650   0.4730
2   0.4413   0.4349   0.4381
3   0.5257   0.6111   0.5652
4   0.5277   0.5230   0.5254
5   0.5277   0.4499   0.4857
Total :   0.4915   0.4915   0.4915

0   0.4472   0.4684   0.4575
1   0.4822   0.4641   0.4729
2   0.4408   0.4358   0.4383
3   0.5254   0.6079   0.5636
4   0.5253   0.5248   0.5250
5   0.5273   0.4482   0.4845
Total :   0.4911   0.4911   0.4911

0   0.4458   0.4549   0.4503
1   0.4761   0.4882   0.4820
2   0.4369   0.4164   0.4264
3   0.5045   0.6184   0.5556
4   0.5437   0.4929   0.5171
5   0.5235   0.4582   0.4887
Total :   0.4877   0.4877   0.4877

