0   0.4415   0.4558   0.4485
1   0.4702   0.4752   0.4727
2   0.4451   0.4254   0.4350
3   0.5081   0.5974   0.5492
4   0.5340   0.5115   0.5225
5   0.5165   0.4508   0.4814
Total :   0.4856   0.4856   0.4856

0   0.4391   0.4558   0.4473
1   0.4712   0.4784   0.4748
2   0.4443   0.4200   0.4318
3   0.4977   0.5929   0.5411
4   0.5333   0.5071   0.5199
5   0.5167   0.4469   0.4792
Total :   0.4831   0.4831   0.4831

0   0.4391   0.4523   0.4456
1   0.4710   0.4824   0.4766
2   0.4399   0.4155   0.4273
3   0.4946   0.6056   0.5445
4   0.5373   0.5009   0.5185
5   0.5218   0.4443   0.4799
Total :   0.4830   0.4830   0.4830

0   0.4433   0.4858   0.4636
1   0.4997   0.4369   0.4662
2   0.4191   0.4308   0.4249
3   0.4939   0.6125   0.5469
4   0.5443   0.4951   0.5186
5   0.5214   0.4477   0.4818
Total :   0.4844   0.4844   0.4844

0   0.4448   0.4619   0.4532
1   0.4736   0.4690   0.4713
2   0.4394   0.4263   0.4328
3   0.5021   0.5929   0.5437
4   0.5356   0.5102   0.5226
5   0.5198   0.4539   0.4846
Total :   0.4853   0.4853   0.4853

0   0.4518   0.4353   0.4434
1   0.4701   0.5127   0.4905
2   0.4434   0.4195   0.4311
3   0.4928   0.6066   0.5438
4   0.5402   0.4938   0.5160
5   0.5106   0.4408   0.4731
Total :   0.4842   0.4842   0.4842

0   0.4417   0.4553   0.4484
1   0.4709   0.4806   0.4757
2   0.4473   0.4236   0.4351
3   0.5205   0.6316   0.5707
4   0.5382   0.5022   0.5196
5   0.5287   0.4552   0.4892
Total :   0.4908   0.4908   0.4908

