0   0.4432   0.4571   0.4500
1   0.4710   0.4851   0.4779
2   0.4486   0.4204   0.4341
3   0.4940   0.5974   0.5408
4   0.5413   0.4991   0.5194
5   0.5127   0.4491   0.4788
Total :   0.4842   0.4842   0.4842

0   0.4395   0.4562   0.4477
1   0.4734   0.4770   0.4752
2   0.4440   0.4231   0.4333
3   0.5083   0.5984   0.5497
4   0.5350   0.5115   0.5230
5   0.5188   0.4530   0.4837
Total :   0.4861   0.4861   0.4861

0   0.4437   0.4571   0.4503
1   0.4720   0.4819   0.4769
2   0.4461   0.4227   0.4341
3   0.5209   0.6252   0.5683
4   0.5404   0.5062   0.5228
5   0.5281   0.4596   0.4915
Total :   0.4916   0.4916   0.4916

0   0.4461   0.4684   0.4570
1   0.4783   0.4681   0.4732
2   0.4429   0.4295   0.4361
3   0.5245   0.6179   0.5674
4   0.5326   0.5173   0.5248
5   0.5273   0.4521   0.4868
Total :   0.4917   0.4917   0.4917

0   0.4460   0.4680   0.4567
1   0.4783   0.4681   0.4732
2   0.4429   0.4299   0.4363
3   0.5241   0.6179   0.5672
4   0.5326   0.5168   0.5246
5   0.5273   0.4521   0.4868
Total :   0.4917   0.4917   0.4917

0   0.4464   0.4680   0.4569
1   0.4781   0.4676   0.4728
2   0.4428   0.4304   0.4365
3   0.5241   0.6179   0.5672
4   0.5327   0.5164   0.5244
5   0.5273   0.4526   0.4871
Total :   0.4917   0.4917   0.4917

0   0.4454   0.4671   0.4560
1   0.4788   0.4681   0.4734
2   0.4437   0.4313   0.4374
3   0.5233   0.6189   0.5671
4   0.5323   0.5151   0.5235
5   0.5263   0.4508   0.4856
Total :   0.4914   0.4914   0.4914

0   0.4454   0.4671   0.4560
1   0.4788   0.4681   0.4734
2   0.4437   0.4313   0.4374
3   0.5233   0.6189   0.5671
4   0.5325   0.5146   0.5234
5   0.5255   0.4508   0.4853
Total :   0.4913   0.4913   0.4913

0   0.4445   0.4662   0.4551
1   0.4779   0.4685   0.4732
2   0.4412   0.4277   0.4343
3   0.5242   0.6175   0.5670
4   0.5326   0.5168   0.5246
5   0.5273   0.4526   0.4871
Total :   0.4911   0.4911   0.4911

0   0.4447   0.4662   0.4552
1   0.4783   0.4681   0.4732
2   0.4430   0.4304   0.4366
3   0.5245   0.6184   0.5676
4   0.5324   0.5168   0.5245
5   0.5276   0.4521   0.4869
Total :   0.4915   0.4915   0.4915

0   0.4450   0.4654   0.4550
1   0.4779   0.4681   0.4729
2   0.4417   0.4299   0.4357
3   0.5249   0.6193   0.5682
4   0.5319   0.5168   0.5243
5   0.5281   0.4517   0.4869
Total :   0.4914   0.4914   0.4914

0   0.4454   0.4654   0.4551
1   0.4781   0.4681   0.4731
2   0.4416   0.4304   0.4359
3   0.5251   0.6193   0.5683
4   0.5316   0.5173   0.5244
5   0.5287   0.4517   0.4871
Total :   0.4915   0.4915   0.4915

0   0.4450   0.4658   0.4552
1   0.4781   0.4685   0.4733
2   0.4423   0.4299   0.4360
3   0.5247   0.6184   0.5677
4   0.5316   0.5182   0.5248
5   0.5282   0.4508   0.4864
Total :   0.4914   0.4914   0.4914

0   0.4449   0.4675   0.4559
1   0.4791   0.4663   0.4726
2   0.4422   0.4308   0.4365
3   0.5237   0.6134   0.5650
4   0.5303   0.5190   0.5246
5   0.5253   0.4499   0.4847
Total :   0.4907   0.4907   0.4907

0   0.4465   0.4562   0.4513
1   0.4778   0.4859   0.4819
2   0.4374   0.4200   0.4285
3   0.5060   0.6120   0.5540
4   0.5417   0.4978   0.5188
5   0.5204   0.4574   0.4869
Total :   0.4877   0.4877   0.4877

