0   0.4412   0.4597   0.4503
1   0.4723   0.4721   0.4722
2   0.4445   0.4254   0.4347
3   0.4947   0.5929   0.5394
4   0.5366   0.5062   0.5210
5   0.5159   0.4464   0.4787
Total :   0.4834   0.4834   0.4834

0   0.4410   0.4593   0.4499
1   0.4716   0.4734   0.4725
2   0.4454   0.4245   0.4347
3   0.5091   0.5993   0.5505
4   0.5347   0.5115   0.5229
5   0.5180   0.4521   0.4828
Total :   0.4862   0.4862   0.4862

0   0.4450   0.4671   0.4558
1   0.4785   0.4668   0.4726
2   0.4426   0.4308   0.4367
3   0.5235   0.6179   0.5668
4   0.5324   0.5164   0.5243
5   0.5258   0.4504   0.4852
Total :   0.4911   0.4911   0.4911

0   0.4458   0.4549   0.4503
1   0.4764   0.4873   0.4818
2   0.4366   0.4173   0.4267
3   0.5058   0.6120   0.5539
4   0.5417   0.4973   0.5186
5   0.5226   0.4596   0.4891
Total :   0.4876   0.4876   0.4876

