0   0.4461   0.4684   0.4570
1   0.4785   0.4668   0.4726
2   0.4433   0.4313   0.4372
3   0.5242   0.6161   0.5665
4   0.5309   0.5168   0.5238
5   0.5280   0.4530   0.4876
Total :   0.4916   0.4916   0.4916

0   0.4462   0.4684   0.4571
1   0.4785   0.4668   0.4726
2   0.4436   0.4317   0.4376
3   0.5240   0.6161   0.5663
4   0.5309   0.5168   0.5238
5   0.5278   0.4526   0.4873
Total :   0.4916   0.4916   0.4916

0   0.4467   0.4688   0.4575
1   0.4780   0.4663   0.4721
2   0.4431   0.4313   0.4371
3   0.5236   0.6166   0.5663
4   0.5324   0.5173   0.5247
5   0.5268   0.4517   0.4863
Total :   0.4915   0.4915   0.4915

0   0.4463   0.4693   0.4575
1   0.4780   0.4659   0.4719
2   0.4426   0.4304   0.4364
3   0.5242   0.6175   0.5670
4   0.5312   0.5159   0.5235
5   0.5263   0.4512   0.4859
Total :   0.4912   0.4912   0.4912

0   0.4459   0.4688   0.4571
1   0.4780   0.4659   0.4719
2   0.4426   0.4304   0.4364
3   0.5242   0.6175   0.5670
4   0.5317   0.5159   0.5237
5   0.5267   0.4521   0.4866
Total :   0.4913   0.4913   0.4913

0   0.4455   0.4680   0.4564
1   0.4785   0.4668   0.4726
2   0.4430   0.4308   0.4369
3   0.5245   0.6179   0.5674
4   0.5312   0.5168   0.5239
5   0.5278   0.4517   0.4868
Total :   0.4915   0.4915   0.4915

0   0.4462   0.4675   0.4566
1   0.4783   0.4668   0.4724
2   0.4429   0.4317   0.4373
3   0.5252   0.6179   0.5678
4   0.5316   0.5177   0.5246
5   0.5286   0.4526   0.4876
Total :   0.4919   0.4919   0.4919

0   0.4455   0.4667   0.4558
1   0.4792   0.4676   0.4734
2   0.4423   0.4313   0.4367
3   0.5253   0.6184   0.5681
4   0.5307   0.5173   0.5239
5   0.5274   0.4508   0.4861
Total :   0.4915   0.4915   0.4915

0   0.4458   0.4662   0.4558
1   0.4786   0.4681   0.4733
2   0.4425   0.4313   0.4368
3   0.5252   0.6175   0.5676
4   0.5297   0.5177   0.5236
5   0.5272   0.4499   0.4855
Total :   0.4913   0.4913   0.4913

0   0.4453   0.4680   0.4563
1   0.4789   0.4650   0.4718
2   0.4421   0.4317   0.4369
3   0.5236   0.6125   0.5645
4   0.5295   0.5204   0.5249
5   0.5264   0.4495   0.4849
Total :   0.4907   0.4907   0.4907

