0   0.4151   0.4366   0.4256
1   0.3947   0.2967   0.3388
2   0.3764   0.4507   0.4102
3   0.4346   0.5979   0.5034
4   0.4503   0.3189   0.3733
5   0.4781   0.4434   0.4601
Total :   0.4234   0.4234   0.4234

0   0.4749   0.4854   0.4801
1   0.5058   0.3873   0.4387
2   0.4523   0.5493   0.4961
3   0.5308   0.7259   0.6132
4   0.5718   0.4973   0.5320
5   0.5428   0.4211   0.4743
Total :   0.5098   0.5098   0.5098

0   0.4821   0.3756   0.4222
1   0.4735   0.4895   0.4814
2   0.4567   0.5457   0.4972
3   0.5296   0.7181   0.6096
4   0.5504   0.5275   0.5387
5   0.5341   0.3734   0.4395
Total :   0.5032   0.5032   0.5032

0   0.4729   0.4523   0.4624
1   0.5042   0.4284   0.4632
2   0.4538   0.5434   0.4945
3   0.5323   0.7209   0.6124
4   0.5776   0.5058   0.5393
5   0.5464   0.4276   0.4798
Total :   0.5118   0.5118   0.5118

0   0.4646   0.4227   0.4426
1   0.4712   0.4203   0.4443
2   0.4517   0.5434   0.4933
3   0.5234   0.7372   0.6122
4   0.5784   0.4849   0.5276
5   0.5425   0.4163   0.4711
Total :   0.5026   0.5026   0.5026

0   0.4702   0.3856   0.4237
1   0.4563   0.4261   0.4407
2   0.4537   0.5687   0.5047
3   0.5241   0.7268   0.6090
4   0.5524   0.5022   0.5261
5   0.5362   0.3852   0.4483
Total :   0.4974   0.4974   0.4974

