0   0.4417   0.4601   0.4507
1   0.4727   0.4721   0.4724
2   0.4455   0.4268   0.4359
3   0.4952   0.5934   0.5399
4   0.5366   0.5066   0.5212
5   0.5177   0.4477   0.4802
Total :   0.4840   0.4840   0.4840

0   0.4409   0.4584   0.4495
1   0.4720   0.4739   0.4729
2   0.4451   0.4250   0.4348
3   0.5087   0.5988   0.5501
4   0.5345   0.5115   0.5227
5   0.5173   0.4512   0.4820
Total :   0.4860   0.4860   0.4860

0   0.4431   0.4566   0.4498
1   0.4718   0.4824   0.4771
2   0.4474   0.4231   0.4349
3   0.5198   0.6266   0.5682
4   0.5400   0.5053   0.5221
5   0.5280   0.4574   0.4902
Total :   0.4914   0.4914   0.4914

0   0.4462   0.4684   0.4571
1   0.4783   0.4668   0.4724
2   0.4433   0.4313   0.4372
3   0.5244   0.6170   0.5669
4   0.5319   0.5168   0.5243
5   0.5273   0.4526   0.4871
Total :   0.4917   0.4917   0.4917

0   0.4464   0.4684   0.4572
1   0.4783   0.4668   0.4724
2   0.4436   0.4317   0.4376
3   0.5244   0.6170   0.5669
4   0.5326   0.5173   0.5248
5   0.5270   0.4526   0.4869
Total :   0.4918   0.4918   0.4918

0   0.4468   0.4688   0.4576
1   0.4785   0.4672   0.4728
2   0.4428   0.4308   0.4368
3   0.5245   0.6179   0.5674
4   0.5328   0.5173   0.5249
5   0.5270   0.4521   0.4867
Total :   0.4919   0.4919   0.4919

0   0.4451   0.4680   0.4562
1   0.4776   0.4663   0.4719
2   0.4429   0.4299   0.4363
3   0.5241   0.6179   0.5672
4   0.5320   0.5155   0.5236
5   0.5270   0.4526   0.4869
Total :   0.4912   0.4912   0.4912

0   0.4455   0.4680   0.4564
1   0.4776   0.4663   0.4719
2   0.4430   0.4304   0.4366
3   0.5244   0.6175   0.5671
4   0.5315   0.5155   0.5234
5   0.5267   0.4526   0.4868
Total :   0.4912   0.4912   0.4912

0   0.4448   0.4671   0.4557
1   0.4781   0.4676   0.4728
2   0.4422   0.4290   0.4355
3   0.5241   0.6179   0.5672
4   0.5324   0.5164   0.5243
5   0.5270   0.4521   0.4867
Total :   0.4912   0.4912   0.4912

0   0.4452   0.4671   0.4559
1   0.4783   0.4672   0.4727
2   0.4430   0.4308   0.4369
3   0.5241   0.6179   0.5672
4   0.5310   0.5159   0.5234
5   0.5276   0.4517   0.4867
Total :   0.4913   0.4913   0.4913

0   0.4455   0.4667   0.4558
1   0.4783   0.4672   0.4727
2   0.4427   0.4313   0.4369
3   0.5251   0.6184   0.5680
4   0.5314   0.5168   0.5240
5   0.5278   0.4521   0.4870
Total :   0.4916   0.4916   0.4916

0   0.4454   0.4658   0.4554
1   0.4788   0.4676   0.4731
2   0.4419   0.4313   0.4365
3   0.5251   0.6184   0.5680
4   0.5309   0.5177   0.5242
5   0.5279   0.4508   0.4863
Total :   0.4914   0.4914   0.4914

0   0.4453   0.4662   0.4555
1   0.4783   0.4676   0.4729
2   0.4420   0.4304   0.4361
3   0.5252   0.6175   0.5676
4   0.5308   0.5186   0.5246
5   0.5279   0.4508   0.4863
Total :   0.4914   0.4914   0.4914

0   0.4443   0.4658   0.4548
1   0.4790   0.4676   0.4732
2   0.4406   0.4290   0.4347
3   0.5245   0.6138   0.5657
4   0.5289   0.5190   0.5239
5   0.5284   0.4517   0.4870
Total :   0.4907   0.4907   0.4907

0   0.4458   0.4553   0.4505
1   0.4764   0.4859   0.4811
2   0.4372   0.4186   0.4277
3   0.5066   0.6129   0.5547
4   0.5425   0.4978   0.5192
5   0.5219   0.4591   0.4885
Total :   0.4878   0.4878   0.4878

