0.466666666667 0.0155569112777
0.5 0.34328358209
0.666666666667 0.061733056447
0.666666666667 0.186788154897
0.545454545455 0.0231507622812
0.333333333333 0.00700832238283
0.333333333333 0.502857142857
0.666666666667 0.0
0.375 0.75
0.5 0.184748165444
0.571428571429 0.0123711340206
0.333333333333 0.118143459916
0.5 0.0169485985127
0.533333333333 0.0178343949045
0.571428571429 0.0301291248207
0.714285714286 0.0638401559454
0.571428571429 0.0241437394722
0.515151515152 0.00969232015992
0.5 0.0194924835643
0.555555555556 0.098753117207
0.444444444444 0.0121382694667
0.479166666667 0.00859471474438
0.8 0.0165432780146
0.285714285714 0.407407407407
0.363636363636 0.00920203608982
0.470588235294 0.0148443914927
0.666666666667 0.0583756345178
0.428571428571 0.0308521057786
0.428571428571 0.0108499095841
0.666666666667 0.0215369943575
0.428571428571 0.0040227165168
0.777777777778 0.0123482701927
0.4 0.0334476843911
0.666666666667 0.0485436893204
0.727272727273 0.0109361902132
0.777777777778 0.156373755753
0.545454545455 0.0826636050517
1.0 0.225680933852
0.833333333333 0.207875894988
0.5 0.0416729578741
0.315789473684 0.00859433033324
0.666666666667 0.034666012591
0.428571428571 0.156199677939
0.5 0.217798492834
0.428571428571 0.00902601522843
0.375 0.0457992114043
0.714285714286 0.666144200627
0.375 0.0169428603838
0.333333333333 0.696428571429
0.833333333333 0.0833333333333
0.833333333333 0.123909931017
0.529411764706 0.00927882144693
0.416666666667 0.0116257968588
0.5 0.0733496332518
0.666666666667 0.208333333333
0.666666666667 0.302521008403
0.5 0.026402640264
0.5 0.014512723636
0.714285714286 0.136568334767
0.5 0.0118343195266
0.571428571429 0.0204199022146
0.428571428571 0.0569105691057
0.666666666667 0.0045814244065
0.333333333333 0.0188888888889
0.428571428571 0.161088635528
0.333333333333 0.0124504810413
0.5 0.0
0.333333333333 0.0113914495505
0.75 0.0725798937855
0.666666666667 0.00448773522362
0.5 0.0890410958904
0.588235294118 0.0773022203703
0.571428571429 0.0185350018326
0.5 0.221218961625
0.6 0.014080495356
0.571428571429 0.0114169533938
0.4 0.0191877198593
0.375 0.148778171142
0.714285714286 0.0195083807843
0.416666666667 0.0302453871029
0.428571428571 0.162308011623
0.461538461538 0.0277888050814
0.5 0.530612244898
0.588235294118 0.0259901470189
0.5 0.0331032578686
0.5 0.00267538644471
