0.571428571429 0.0727762803235
0.571428571429 0.0354083380925
0.571428571429 0.00765306122449
0.545454545455 0.0125178161988
1.0 0.0555555555556
0.625 0.0251618291919
0.5 0.0848484848485
0.545454545455 0.0169485985127
0.714285714286 0.0253102944755
0.571428571429 0.0337733584776
0.625 0.0272727272727
0.8 0.0416666666667
0.375 0.0573770491803
0.571428571429 0.0170776737439
0.333333333333 0.00859471474438
0.307692307692 0.0165432780146
0.5 0.0551270417423
0.6 0.0215369943575
0.375 0.0189737341886
0.5 0.0404162633107
0.555555555556 0.0254867256637
1.0 0.19801980198
0.818181818182 0.04
0.526315789474 0.0260378285434
0.8 0.102739726027
0.666666666667 0.0310026385224
0.666666666667 0.104838709677
0.6 0.0116257968588
0.7 0.0503731343284
1.0 0.0812250332889
0.642857142857 0.0246575342466
0.75 0.0472764645427
0.571428571429 0.00925925925926
0.470588235294 0.0498640072529
0.571428571429 0.0171293561725
0.555555555556 0.0244519202547
0.545454545455 0.0185350018326
0.642857142857 0.0576318546979
0.625 0.0216049382716
