0   0.4151   0.4366   0.4256
1   0.3947   0.2967   0.3388
2   0.3764   0.4507   0.4102
3   0.4346   0.5979   0.5034
4   0.4503   0.3189   0.3733
5   0.4781   0.4434   0.4601
Total :   0.4234   0.4234   0.4234

0   0.4749   0.4854   0.4801
1   0.5058   0.3873   0.4387
2   0.4523   0.5493   0.4961
3   0.5308   0.7259   0.6132
4   0.5718   0.4973   0.5320
5   0.5428   0.4211   0.4743
Total :   0.5098   0.5098   0.5098

0   0.4821   0.3756   0.4222
1   0.4735   0.4895   0.4814
2   0.4567   0.5457   0.4972
3   0.5296   0.7181   0.6096
4   0.5504   0.5275   0.5387
5   0.5341   0.3734   0.4395
Total :   0.5032   0.5032   0.5032

0   0.4729   0.4523   0.4624
1   0.5042   0.4284   0.4632
2   0.4538   0.5434   0.4945
3   0.5323   0.7209   0.6124
4   0.5776   0.5058   0.5393
5   0.5464   0.4276   0.4798
Total :   0.5118   0.5118   0.5118

0   0.4646   0.4227   0.4426
1   0.4712   0.4203   0.4443
2   0.4517   0.5434   0.4933
3   0.5234   0.7372   0.6122
4   0.5784   0.4849   0.5276
5   0.5425   0.4163   0.4711
Total :   0.5026   0.5026   0.5026

0   0.4702   0.3856   0.4237
1   0.4563   0.4261   0.4407
2   0.4537   0.5687   0.5047
3   0.5241   0.7268   0.6090
4   0.5524   0.5022   0.5261
5   0.5362   0.3852   0.4483
Total :   0.4974   0.4974   0.4974

0   0.4690   0.3730   0.4155
1   0.4522   0.4324   0.4421
2   0.4532   0.5696   0.5048
3   0.5248   0.7277   0.6098
4   0.5510   0.5044   0.5267
5   0.5359   0.3817   0.4459
Total :   0.4963   0.4963   0.4963

0   0.4661   0.3656   0.4098
1   0.4513   0.4346   0.4428
2   0.4534   0.5719   0.5058
3   0.5256   0.7300   0.6111
4   0.5503   0.5040   0.5261
5   0.5336   0.3787   0.4430
Total :   0.4956   0.4956   0.4956

0   0.4676   0.3712   0.4139
1   0.4510   0.4315   0.4410
2   0.4533   0.5701   0.5050
3   0.5246   0.7277   0.6097
4   0.5499   0.5031   0.5254
5   0.5353   0.3813   0.4454
Total :   0.4957   0.4957   0.4957

0   0.4676   0.3712   0.4139
1   0.4510   0.4315   0.4410
2   0.4533   0.5701   0.5050
3   0.5246   0.7277   0.6097
4   0.5499   0.5031   0.5254
5   0.5353   0.3813   0.4454
Total :   0.4957   0.4957   0.4957

0   0.4676   0.3712   0.4139
1   0.4510   0.4315   0.4410
2   0.4533   0.5701   0.5050
3   0.5248   0.7281   0.6100
4   0.5501   0.5031   0.5256
5   0.5353   0.3813   0.4454
Total :   0.4957   0.4957   0.4957

0   0.4676   0.3712   0.4139
1   0.4510   0.4315   0.4410
2   0.4533   0.5701   0.5050
3   0.5248   0.7281   0.6100
4   0.5501   0.5031   0.5256
5   0.5353   0.3813   0.4454
Total :   0.4957   0.4957   0.4957

0   0.4765   0.4153   0.4438
1   0.4863   0.4596   0.4726
2   0.4578   0.5443   0.4973
3   0.5343   0.7190   0.6131
4   0.5809   0.5168   0.5470
5   0.5633   0.4377   0.4926
Total :   0.5140   0.5140   0.5140

