0   0.4462   0.4675   0.4566
1   0.4783   0.4668   0.4724
2   0.4429   0.4317   0.4373
3   0.5252   0.6179   0.5678
4   0.5316   0.5177   0.5246
5   0.5286   0.4526   0.4876
Total :   0.4919   0.4919   0.4919

0   0.4277   0.4431   0.4353
1   0.4538   0.4998   0.4757
2   0.4569   0.3929   0.4225
3   0.5004   0.6107   0.5500
4   0.5065   0.5527   0.5286
5   0.4502   0.3144   0.3702
Total :   0.4681   0.4681   0.4681

0   0.4451   0.4627   0.4537
1   0.4777   0.4685   0.4731
2   0.4404   0.4308   0.4356
3   0.5236   0.6120   0.5644
4   0.5291   0.5151   0.5220
5   0.5248   0.4534   0.4865
Total :   0.4900   0.4900   0.4900

0   0.4450   0.4675   0.4560
1   0.4785   0.4668   0.4726
2   0.4426   0.4304   0.4364
3   0.5252   0.6175   0.5676
4   0.5288   0.5159   0.5223
5   0.5271   0.4508   0.4860
Total :   0.4910   0.4910   0.4910

0   0.4455   0.4645   0.4548
1   0.4783   0.4681   0.4732
2   0.4413   0.4313   0.4362
3   0.5259   0.6152   0.5671
4   0.5305   0.5195   0.5249
5   0.5263   0.4512   0.4859
Total :   0.4911   0.4911   0.4911

0   0.4462   0.4675   0.4566
1   0.4783   0.4668   0.4724
2   0.4429   0.4317   0.4373
3   0.5252   0.6179   0.5678
4   0.5316   0.5177   0.5246
5   0.5286   0.4526   0.4876
Total :   0.4919   0.4919   0.4919

0   0.4351   0.4558   0.4452
1   0.4802   0.4703   0.4752
2   0.4309   0.4186   0.4247
3   0.5093   0.5756   0.5404
4   0.5216   0.5235   0.5225
5   0.4987   0.4346   0.4645
Total :   0.4794   0.4794   0.4794

0   0.4151   0.4366   0.4256
1   0.3947   0.2967   0.3388
2   0.3764   0.4507   0.4102
3   0.4346   0.5979   0.5034
4   0.4503   0.3189   0.3733
5   0.4781   0.4434   0.4601
Total :   0.4234   0.4234   0.4234

0   0.4338   0.3172   0.3665
1   0.4194   0.5283   0.4676
2   0.4326   0.4394   0.4360
3   0.5340   0.5583   0.5459
4   0.4769   0.5762   0.5219
5   0.5271   0.3957   0.4520
Total :   0.4682   0.4682   0.4682

0   0.4456   0.4662   0.4557
1   0.4770   0.4676   0.4723
2   0.4428   0.4304   0.4365
3   0.5234   0.6166   0.5662
4   0.5326   0.5168   0.5246
5   0.5288   0.4539   0.4885
Total :   0.4914   0.4914   0.4914

0   0.4317   0.4405   0.4361
1   0.4836   0.4614   0.4723
2   0.3933   0.4033   0.3982
3   0.4763   0.6034   0.5323
4   0.5435   0.4894   0.5150
5   0.5145   0.4333   0.4704
Total :   0.4713   0.4713   0.4713

